229414032946
72651104747
795797031806
729238385768
357024681757
226042940724
963685043617
526789203435
5345627627
816539877259
89656636648
623546959084
255885901172
911380020269
541707022617
390718984746
95554377248
472950555121
313292894482
372126872921
899896700123
673789907299
815087164561
649411582918
236894151561
395958422022
357869675647
182024360506
34018533938
30415984941
705256030781
145009091221
263025602299
86399825531
810239673134
228396778569
118855889770
827923805039
871263296972
269776824146
713982232210
924932215219
855669405547
420780998400
255339469289
807543212118
313624015464
779487528752
63186267806
825505995156
994664810306
893299595722
906246514403
62428194163
572082607479
968473280362
637233674713
377338484672
16293110146
562642216609
247612695003
946125306585
15561987754
508865804686
869646008629
314867016083
929519930456
878679453871
80451806227
378975417277
575704966236
349602404217
517728082766
726637286234
703701852089
716492162470
466478102398
371817120465
715830181925
684411870379
869278852457
878267644866
441114487992
199811857521
630716345807
742401056419
968509746952
181808168148
183070893577
577479309751
124810946865
664040809390
177669885091
584978881939
600206994467
328152755281
688741096956
767411323479
701915077933
302445098893
